paul86 = [
    1.5708         0    3.1416         0	0
         0  431.8000    1.5708         0	0
   -1.5708   19.1000   -1.5708  125.4000	0
    1.5708         0         0  431.8000	0
   -1.5708         0         0         0	0
         0         0         0         0	0];

tarn = [
   -1.5708         0         0         0	0
         0  431.8000   -1.5708         0	0
    1.5708  -19.1000    1.5708  150.0500	0
   -1.5708         0         0  431.1000	0
    1.5708         0         0         0	0
         0         0         0         0	0];

paul81 = [
   -1.5708         0         0         0	0
         0 	 432   -1.5708         0	0
    1.5708	  20    1.5708       149	0
   -1.5708         0         0       432	0
    1.5708         0         0         0	0
         0         0         0         0	0];
armstrong = [
	0	0	0	0	0
	-pi/2	0	0	243.5	0
	0	431.8	0	-93.4	0
	pi/2	-20.3	0	433.1	0
	-pi/2	0	0	0	0
	pi/2	0	0	0	0];
craig = [
	0	0	0	0	0
	-pi/2	0	0	0	0
	0	431.8	0	150	0
	pi/2	-20.3	0	433.1	0
	-pi/2	0	0	0	0
	pi/2	0	0	0	0];